=============================
DIAGNOSTICS
=============================
Number of chains:  2 
Number of iterations:  50000 
2023 - Bresle - adult 
[1] "model/model_adult-Bresle.R"
2023 - Oir - adult 
[1] "model/model_adult-Oir.R"
2023 - Oir - smolt 
[1] "model/model_smolt-Oir.R"
2023 - Scorff - smolt 
[1] "model/model_smolt-Scorff.R"
Number of chains:  2 
2023 - Nivelle - adult 
[1] "model/model_adult-Nivelle.R"
[1] "mean"  "sd"    "2.5%"  "25%"   "50%"   "75%"   "97.5%" "Rhat"  "n.eff"
2023 - Scorff - adult 
[1] "model/model_adult-Scorff.R"
          mean         sd      2.5%      25%    50%    75%     97.5%     Rhat  n.eff
1994 0.5825331 0.05431242 0.4799975 0.545900 0.5813 0.6173 0.6942025 1.001027  39000
1995 0.5087708 0.06076902 0.3803000 0.470900 0.5114 0.5496 0.6214000 1.001051  24000
1996 0.5364965 0.05481527 0.4264000 0.500900 0.5371 0.5729 0.6428000 1.001027  39000
1997 0.5034973 0.05681754 0.3849000 0.467400 0.5056 0.5422 0.6089025 1.001190   7500
1998 0.5301344 0.05409970 0.4205000 0.495075 0.5311 0.5662 0.6347000 1.001020  47000
1999 0.5191273 0.05344972 0.4096000 0.484500 0.5204 0.5550 0.6207025 1.001092  15000
2000 0.5140736 0.05430444 0.4019000 0.479200 0.5158 0.5507 0.6162000 1.001087  15000
2001 0.5866542 0.05624142 0.4806000 0.548800 0.5847 0.6222 0.7034000 1.001059  21000
2002 0.5267391 0.05660093 0.4124000 0.490100 0.5276 0.5645 0.6359000 1.001036  32000
2003 0.5132662 0.05188702 0.4064000 0.479800 0.5146 0.5482 0.6117000 1.001100  13000
2004 0.5287087 0.05278898 0.4220000 0.494500 0.5295 0.5638 0.6306000 1.000997 100000
2005 0.5292394 0.05271946 0.4232000 0.494700 0.5300 0.5647 0.6299000 1.000994 100000
2006 0.5426149 0.05091107 0.4413000 0.509075 0.5430 0.5763 0.6422025 1.001077  17000
2007 0.5290891 0.05254676 0.4223000 0.495000 0.5300 0.5640 0.6307000 1.000997 100000
2008 0.5131939 0.05185611 0.4071000 0.479500 0.5146 0.5483 0.6119000 1.001067  19000
2009 0.5035786 0.05246777 0.3948000 0.470000 0.5054 0.5391 0.6021000 1.000991 100000
2010 0.5790360 0.05283452 0.4775000 0.543600 0.5780 0.6135 0.6860000 1.001015  57000
2011 0.5341370 0.05219439 0.4299000 0.499800 0.5347 0.5691 0.6352000 1.001059  21000
2012 0.5622881 0.05123166 0.4627000 0.528000 0.5619 0.5959 0.6647000 1.001017  53000
2013 0.4744543 0.05542986 0.3565000 0.439600 0.4773 0.5126 0.5755000 1.001150   9300
2014 0.5496974 0.05248878 0.4460000 0.514900 0.5497 0.5842 0.6535000 1.001038  31000
2015 0.5241884 0.05335543 0.4157975 0.489600 0.5252 0.5600 0.6266000 1.001182   7800
2016 0.5596068 0.04993671 0.4621975 0.526400 0.5593 0.5927 0.6589025 1.001003 100000
2017 0.5740706 0.05674558 0.4653000 0.536300 0.5728 0.6103 0.6907025 1.001008  77000
2018 0.5561181 0.03909087 0.4794000 0.529900 0.5562 0.5826 0.6324000 1.001047  26000
2019 0.6040100 0.04045277 0.5260000 0.576500 0.6036 0.6308 0.6849025 1.001049  25000
2020 0.4974974 0.03849841 0.4202000 0.471900 0.4982 0.5240 0.5711000 1.001043  28000
2021 0.5856348 0.03839207 0.5108000 0.559800 0.5854 0.6112 0.6619000 1.001011  67000
2022 0.5573148 0.04225120 0.4744000 0.529100 0.5573 0.5854 0.6409000 1.000989 100000
2023 0.5386589 0.06273878 0.4122000 0.498700 0.5392 0.5799 0.6606025 1.000989 100000
pdf 
  3 
          mean         sd      2.5%      25%    50%    75%     97.5%     Rhat  n.eff
1994 0.5825331 0.05431242 0.4799975 0.545900 0.5813 0.6173 0.6942025 1.001027  39000
1995 0.5087708 0.06076902 0.3803000 0.470900 0.5114 0.5496 0.6214000 1.001051  24000
1996 0.5364965 0.05481527 0.4264000 0.500900 0.5371 0.5729 0.6428000 1.001027  39000
1997 0.5034973 0.05681754 0.3849000 0.467400 0.5056 0.5422 0.6089025 1.001190   7500
1998 0.5301344 0.05409970 0.4205000 0.495075 0.5311 0.5662 0.6347000 1.001020  47000
1999 0.5191273 0.05344972 0.4096000 0.484500 0.5204 0.5550 0.6207025 1.001092  15000
2000 0.5140736 0.05430444 0.4019000 0.479200 0.5158 0.5507 0.6162000 1.001087  15000
2001 0.5866542 0.05624142 0.4806000 0.548800 0.5847 0.6222 0.7034000 1.001059  21000
2002 0.5267391 0.05660093 0.4124000 0.490100 0.5276 0.5645 0.6359000 1.001036  32000
2003 0.5132662 0.05188702 0.4064000 0.479800 0.5146 0.5482 0.6117000 1.001100  13000
2004 0.5287087 0.05278898 0.4220000 0.494500 0.5295 0.5638 0.6306000 1.000997 100000
2005 0.5292394 0.05271946 0.4232000 0.494700 0.5300 0.5647 0.6299000 1.000994 100000
2006 0.5426149 0.05091107 0.4413000 0.509075 0.5430 0.5763 0.6422025 1.001077  17000
2007 0.5290891 0.05254676 0.4223000 0.495000 0.5300 0.5640 0.6307000 1.000997 100000
2008 0.5131939 0.05185611 0.4071000 0.479500 0.5146 0.5483 0.6119000 1.001067  19000
2009 0.5035786 0.05246777 0.3948000 0.470000 0.5054 0.5391 0.6021000 1.000991 100000
2010 0.5790360 0.05283452 0.4775000 0.543600 0.5780 0.6135 0.6860000 1.001015  57000
2011 0.5341370 0.05219439 0.4299000 0.499800 0.5347 0.5691 0.6352000 1.001059  21000
2012 0.5622881 0.05123166 0.4627000 0.528000 0.5619 0.5959 0.6647000 1.001017  53000
2013 0.4744543 0.05542986 0.3565000 0.439600 0.4773 0.5126 0.5755000 1.001150   9300
2014 0.5496974 0.05248878 0.4460000 0.514900 0.5497 0.5842 0.6535000 1.001038  31000
2015 0.5241884 0.05335543 0.4157975 0.489600 0.5252 0.5600 0.6266000 1.001182   7800
2016 0.5596068 0.04993671 0.4621975 0.526400 0.5593 0.5927 0.6589025 1.001003 100000
2017 0.5740706 0.05674558 0.4653000 0.536300 0.5728 0.6103 0.6907025 1.001008  77000
2018 0.5561181 0.03909087 0.4794000 0.529900 0.5562 0.5826 0.6324000 1.001047  26000
2019 0.6040100 0.04045277 0.5260000 0.576500 0.6036 0.6308 0.6849025 1.001049  25000
2020 0.4974974 0.03849841 0.4202000 0.471900 0.4982 0.5240 0.5711000 1.001043  28000
2021 0.5856348 0.03839207 0.5108000 0.559800 0.5854 0.6112 0.6619000 1.001011  67000
2022 0.5573148 0.04225120 0.4744000 0.529100 0.5573 0.5854 0.6409000 1.000989 100000
2023 0.5386589 0.06273878 0.4122000 0.498700 0.5392 0.5799 0.6606025 1.000989 100000
                        mean          sd       2.5%      25%      50%      75%        97.5%
logit_int_MP[1]   0.81192195 0.082776084  0.6509000  0.75660  0.81110  0.86650  0.977200000
logit_int_MP[2]  -0.04294433 0.112846489 -0.2629000 -0.11880 -0.04295  0.03260  0.179100000
logit_flow_MP[1] -0.15926750 0.082775760 -0.3251000 -0.21320 -0.15870 -0.10430  0.002273025
logit_flow_MP[2] -0.27503995 0.099246986 -0.4675025 -0.34160 -0.27590 -0.20910 -0.077499750
sigmapi_MP        0.32861877 0.069021547  0.2031000  0.28120  0.32490  0.37200  0.474902500
mupi_F[1,1]       0.05497791 0.006529936  0.0430200  0.05048  0.05466  0.05915  0.068740000
                     Rhat  n.eff
logit_int_MP[1]  1.001027  39000
logit_int_MP[2]  1.001066  19000
logit_flow_MP[1] 1.001022  45000
logit_flow_MP[2] 1.000991 100000
sigmapi_MP       1.001003 100000
mupi_F[1,1]      1.001415   3500
2023 - Scorff - smolt 
[1] "model/model_smolt-Scorff.R"
[1] "Scorff"
2023 - Oir - smolt 
[1] "model/model_smolt-Oir.R"
rem 550      590150  3746         158.0     
 epsilon_p       900      1075800 3746         287.0     
 pi_dj           40       78480   3746          21.0     
 zeta_alpha_dj   30       40770   3746          10.9     
 mu_dj_nat       350      421120  3746         112.0     
 k_cpue          280      356160  3746          95.1     
 eta_cpue        90       132990  3746          35.5     
 rho_s           300      384300  3746         103.0     
 sd_s_rec        120      145740  3746          38.9     
 p_cpue          90       132990  3746          35.5     
 k_cpue_Puls     200      238600  3746          63.7     
 log_k_inter     80       104680  3746          27.9     


