######################################################################################################################################
## Mean flow (l/s): - 15 june - 31 august for 1SW ([,1])    
## - 15 april - 30 june for MSW  ([,2])    
## Covariate is standardized within WinBUGS
###################################################################################################################################### 
Q[,1]	Q[,2]
5858.292117	6922.272878
6449.612232	7809.483502
5686.187501	7141.983616
7053.504676	8180.862324
7276.216404	9886.532623
6097.252582	7687.061265
4431.323747	5444.970317
4833.538045	5482.957108
4834.534743	5182.577258
5338.2195	6115.544548
7650.689918	10344.17178
6545.820166	9489.651519
3918.415905	4360.736871
4119.325152	4633.25528
4839.929364	5276.819081
6074.813107	8034.131962
7921.282051	9988.311688
9638.205128	13543.76623
7821.153846	10150.64935
6276.153846	7725.714286
5354.487179	5401.688312
4998.205128	5231.948052
5112.948718	5460
6130	6144.545455
7714.358974	9162.597403
5772.820513	6832.207792
5724.871795	7065.974026
4707.051282	5039.350649
6508.333333	7241.168831
7005	8451.428571
7907.307692	8912.857143
6358.846154	7587.532468
7754.615385	8476.883117 #2016
4605.641026 5432.207792 #2017
6931.153846 8711.038961 #2018
4927.82 6128.83 #2019
6178.59 7999.22 #2020
6575.13 7369.22 #2021
#END	
