#####################################################################################################
##  C_Eu[t,a]: Annual number of fish captured at Eu per sea age category; 1:1SW, 2:MSW        
##  Cm_Eu[t,a]: Annual number of fish captured and marked at Eu per sea age category; 1:1SW, 2:MSW
#####################################################################################################       
C_Eu[,1]	C_Eu[,2]	Cm_Eu[,1]	Cm_Eu[,2]	
43	26	43	25	
78	19	78	19	
119	19	119	19	
98	25	97	25	
53	12	53	12	
121	20	121	20	
50	33	50	33	
118	19	118	18	
123	35	122	35	
33	16	33	16	
26	5	26	5	
23	1	23	1	
18	16	18	16	
24	10	24	10	
177	10	177	10	
12	13	12	13	
7	4	7	4	
8	1	8	1	
56	13	56	13	
13	10	13	10	
45	9	45	9	
159	30	158	30	
73	66	73	66	
31	13	31	13	
78	3	78	3	
71	34	69	34	
105	24	105	24	
123	24	123	24	
97	24	97	24	
93	42	93	42	
64	28	64	28
106	33	106	33
116	15	116	15	#2016
282 45  282 45  #2017
75  28  75  28  #2018
74  12  74  12  #2019
140 19  140 19  #2020
#END				
