# New data file from 2024
# To be filled based on data from smolt age composition analysis
# Update every year
list(n=c(
	2,	510,	263,	297,	541,
	738,	150,	226,	208,	324,
	613,	638,	200,	507,	194,
	1822,	676,	1090,	746,	306,
	257,	255,	253,	1230,	322,
	194,	265,	271,	286,	251,
	284,	338,	313,	382,	318,
	255,	450,	310,	211
),
n1=c(
	495.000,	130.506,	275.000,	483.000,	699.000,
	100.000,	211.038,	170.000,	318.018,	544.177,
	499.495,	181.095,	454.000,	40.790,	1808.038,
	625.000,	949.898,	427.396,	271.747,	133.233,
	246.909,	205.086,	1147.494,	243.161,	157.859
	206.612,	160.549,	136.498,	186.687,	181.030
	252.563,	166.118,	342.951,	258.092,	229.960
	383.066,	224.796,	191.943
)
)